LABELS	Control	Non Pregnant Smokers	Pregnant Non Smokers	Pregnant SmokersCOLORS	#f1b6da	#d01c8b	#b8e186	#4dac26Bacillus	0	0.0532	0.81673	0.13007Brachymonas	0.38965	0.24928	0.26732	0.09374Shuttleworthia	0.09155	0.45193	0.39297	0.06354Unclassified_Rickettsiales	0	0.33148	0	0.66852Johnsonella	0.18676	0.76807	0.04516	0Unclassified_Procabacteriaceae	0	0.07873	0.69047	0.2308Peptococcus	0.1946	0.32738	0.35028	0.12774Unclassified_Carnobacteriaceae	0.25703	0.16688	0.4316	0.14449Sphingomonas	0.30497	0.13543	0.27578	0.28381Capnocytophaga	0.60346	0.17216	0.1922	0.03217Limnohabitans	0	0.06811	0.93189	0Peptostreptococcus	0.24875	0.49192	0.20842	0.05092Unclassified_Caulobacteraceae	0.12444	0.03006	0.23128	0.61421Cardiobacterium	0.65135	0.0835	0.23842	0.02673Unclassified_Coriobacteriaceae	0.05004	0.17181	0.51034	0.26781Unclassified_Listeriaceae	0	0	0.77913	0.22087Unclassified_[Mogibacteriaceae]	0.09014	0.41158	0.11609	0.38218Haemophilus	0.77616	0.13301	0.08483	0.006Unclassified_TM7-3	0.20057	0.15829	0.54273	0.09841Unclassified_SR1	0.97158	0.01009	0.01832	0Unclassified_Enterobacteriaceae	0.03283	0.0018	0.22902	0.73635Leptothrix	0.2163	0	0.51826	0.26545Neisseria	0.80278	0.09706	0.08677	0.01339Unclassified_CW040	0.65574	0.20919	0.13508	0Unclassified_Bacillales	0	0.07884	0.40591	0.51525Unclassified_Bacteroidales	0.59465	0.33461	0.06005	0.01069Unclassified_[Weeksellaceae]	0.5679	0.09254	0.12776	0.21181Filifactor	0.05293	0.65199	0.03787	0.25721Gemella	0.378	0.15106	0.29815	0.17279Unclassified_Gemellaceae	0.37231	0.16962	0.28899	0.16908Unclassified_Propionibacteriaceae	0.14244	0.28492	0.41046	0.16218Desulfobulbus	0	0.86279	0.00884	0.12836Tannerella	0.29794	0.58761	0.00838	0.10607Afipia	0	0	0.44917	0.55083Prevotella	0.3262	0.21978	0.18482	0.26919Streptococcus	0.30509	0.24538	0.23464	0.2149Enterococcus	0.00241	0.03457	0.22507	0.73795Dechloromonas	0	0	0.56347	0.43653Paludibacter	0.35326	0.48441	0.00898	0.15334Vagococcus	0	0.00211	0.49086	0.50702Bradyrhizobium	0.0207	0	0.25668	0.72262Scardovia	0.03668	0.40064	0.15931	0.40337Rothia	0.24964	0.44454	0.18305	0.12277Veillonella	0.17811	0.20761	0.24055	0.37373Lactobacillus	0.0019	0.31002	0.11574	0.57235Burkholderia	0	0	0.49746	0.50254Campylobacter	0.33162	0.27877	0.16838	0.22123Treponema	0.53407	0.28897	0.07304	0.10393Parvimonas	0.14732	0.39373	0.11813	0.34081Eikenella	0.21797	0.29361	0.06708	0.42134Mycoplasma	0.34937	0.29358	0	0.35704Mogibacterium	0.10148	0.42503	0.2865	0.18699Catonella	0.33399	0.37169	0.15981	0.13451Unclassified_Xanthomonadaceae	0.01141	0.05829	0.38323	0.54707Aggregatibacter	0.90151	0.06368	0.03262	0.00219Klebsiella	0	0	0.89005	0.10995Aeromicrobium	0.00372	0.99628	0	0Acinetobacter	0.1346	0.08787	0.55721	0.22032Unclassified_Rs-045	0.3615	0.49648	0.12961	0.01242Dietzia	0.5739	0.4261	0	0Herbaspirillum	0	0	0.5478	0.4522Unclassified_Streptophyta	0.13105	0.78224	0.06938	0.01734Comamonas	0.03419	0.06257	0.46126	0.44197Oribacterium	0.11714	0.1796	0.25419	0.44908Abiotrophia	0.8129	0.0886	0.09541	0.00308Unclassified_Sphingomonadaceae	0	0	0.57357	0.42643Unclassified_Peptostreptococcaceae	0.35226	0.25889	0.28165	0.1072Fusobacterium	0.19874	0.49245	0.1546	0.15421Unclassified_Lachnospiraceae	0.19481	0.20701	0.45471	0.14347Staphylococcus	0.09194	0.08345	0.58892	0.23569Bifidobacterium	0	0.07864	0.85609	0.06526Leptotrichia	0.23168	0.21793	0.31129	0.23909Granulicatella	0.40938	0.13298	0.29306	0.16458Kingella	0.54685	0.18512	0.21625	0.05178TG5	0.13979	0.70566	0.02113	0.13342Unclassified_Actinomycetaceae	0.11493	0.26354	0.0879	0.53363Porphyromonas	0.69574	0.23735	0.02076	0.04614Selenomonas	0.18823	0.19506	0.49111	0.1256Corynebacterium	0.3003	0.14652	0.29329	0.25989Pseudomonas	0.00013	0.0045	0.55455	0.44081Atopobium	0.04622	0.33966	0.29383	0.32029Escherichia	0.00453	0	0.18113	0.81434Schwartzia	0.07678	0.2962	0.40745	0.21958Actinomyces	0.14348	0.1959	0.24929	0.41134Unclassified_Clostridiaceae	0.4193	0.45438	0.01735	0.10897Moryella	0.176	0.18795	0.40581	0.23023Diaphorobacter	0	0	0.59074	0.40926Enterobacter	0.01129	0	0.01667	0.97204Epulopiscium	0.13069	0.60832	0.18761	0.07337Unclassified_Comamonadaceae	0.23836	0.13614	0.41983	0.20567Butyrivibrio	0.80385	0.1315	0.06465	0Dermabacter	0	0.00037	0.65504	0.34459Unclassified_[Tissierellaceae]	0.07341	0.64417	0.17917	0.10325Sphingobium	0	0.00598	0.66825	0.32577Propionibacterium	0.12517	0.19479	0.27849	0.40156Unclassified_Leptotrichiaceae	0.54323	0.42172	0	0.03506Unclassified_Clostridiales	0.31908	0.50992	0.10155	0.06945Delftia	0.14276	0	0.5403	0.31694Unclassified_Veillonellaceae	0.01901	0.77679	0.16376	0.04044Unclassified_Neisseriaceae	0.91744	0.04936	0.02128	0.01192Dialister	0.39347	0.28427	0.14167	0.18059Lachnoanaerobaculum	0.03091	0	0.6467	0.32239Acidovorax	0	0	0.70628	0.29372Enhydrobacter	0.54716	0.34229	0.07431	0.03625Lactococcus	0.0978	0.50964	0.32559	0.06697Unclassified_F16	0.25408	0.18488	0.51747	0.04357Unclassified_Oxalobacteraceae	0.01635	0.02737	0.52379	0.43249Serratia	0	0	0.40507	0.59493Methyloversatilis	0	0.0457	0.64233	0.31197Methylobacterium	0.00962	0.05875	0.3535	0.57813Lautropia	0.86349	0.05473	0.03893	0.04284Megasphaera	0.02277	0.25591	0.51375	0.20757Bulleidia	0.16336	0.41483	0.22762	0.19419Trabulsiella	0.0269	0	0.01449	0.9586Cloacibacterium	0.02387	0	0.52047	0.45566